[22 22 22 22 22 22 22 22 22 22 22 21 21 62 62 62 62 62 62 62 62 62 62 62
 62 62 21 62 62 62 62 62 62 62 62 62 62 62 21 63 63 63 63 63 63 63 63 21
 21 21 21 21 60 60 60 60 60 60 60 60 60 60 60 60 60 60 60 60 60 60 60 60
 60 60 60 60 60 60 60 21 21 21 21 21 21 21 21 59 59 59 59 59 59 59 59 21
 58 20 20 20 20 20 20 20 20 20 56 20 20 20 20 20 20 20 20 20 20 20 19 19
 20 20 20 20 20 20 20 20 20 20 20 20 20 20 20 20 20 20 20 20 20 20 20 20
 20 20 20 19 19 20 20 20 54 54 54 54 20 20 20 54 54 20 54 54 54 54 55 55
 55 55 55 55 20 20 55 55 56 56 56 56 56 56 56 56 56 56 56 56 56 56 56 55
 55 55 55 55 55 55 20 20 20 20 20 20 20 20 20 20 20 20 20 20 20 20 20 20
 20 20 20 20 20 20 20 20 20]
[22, 22, 22, 22, 22, 22, 22, 22, 22, 22, 22, 21, 21, 21, 21, 21, 21, 21, 21, 21, 21, 21, 21, 21, 21, 21, 21, 21, 21, 21, 21, 21, 21, 21, 21, 21, 21, 21, 21, 21, 21, 21, 21, 21, 21, 21, 21, 21, 21, 21, 21, 21, 21, 21, 21, 21, 21, 21, 21, 21, 21, 21, 21, 21, 21, 21, 21, 21, 21, 21, 21, 21, 21, 21, 21, 21, 21, 21, 21, 21, 21, 21, 21, 21, 21, 21, 21, 21, 21, 21, 21, 21, 21, 21, 21, 21, 21, 20, 20, 20, 20, 20, 20, 20, 20, 20, 20, 20, 20, 20, 20, 20, 20, 20, 20, 20, 20, 20, 19, 19, 20, 20, 20, 20, 20, 20, 20, 20, 20, 20, 20, 20, 20, 20, 20, 20, 20, 20, 20, 20, 20, 20, 20, 20, 20, 20, 20, 19, 19, 20, 20, 20, 20, 20, 20, 20, 20, 20, 20, 20, 20, 20, 20, 20, 20, 20, 20, 20, 20, 20, 20, 20, 20, 20, 20, 20, 20, 20, 20, 20, 19, 19, 19, 19, 19, 20, 20, 20, 20, 20, 20, 20, 20, 20, 20, 20, 20, 20, 20, 20, 20, 20, 20, 20, 20, 20, 20, 20, 20, 20, 20, 20, 20, 20, 20, 20, 20, 20, 20, 20, 20, 20, 20, 20, 20]
[]
[65, 65, 56, 65, 65, 53, 53, 65, 59, 59, 57, 58, 65, 66, 66, 66, 66, 66, 66, 66, 66, 66, 66, 66, 66, 66, 66, 66, 66, 66, 66, 66, 66, 66, 66, 66, 66, 104, 104, 104, 104, 66, 67, 104, 104, 67, 67, 104, 66, 66, 66, 66, 61, 63, 98, 98, 98, 63, 63, 63, 63, 67, 67, 99, 64, 64, 99, 99, 99, 99, 99, 64, 64, 64, 64, 99, 99, 99, 99, 99, 98, 97, 97, 97, 97, 63, 63, 97, 97, 97, 97, 97, 97, 96, 96, 96, 96, 96, 96, 62, 62, 61, 93, 93, 93, 92, 92, 92, 59, 59, 55, 57, 58, 58, 57, 87, 59, 59, 59, 55, 55, 54, 55, 55, 55, 52, 52, 51, 51, 50, 49, 47, 46, 46, 51, 51, 49, 51, 55, 56, 56, 56, 60, 91, 57, 56, 56, 57, 57, 58, 58, 58, 58, 92, 92, 92, 91, 92, 92, 92, 92, 58, 93, 92, 92, 93, 94, 94, 95, 95, 95, 95, 95, 96, 96, 96, 96, 96, 96, 96, 96, 96, 96, 96, 96, 96, 96, 96, 96, 96, 96, 60, 59, 93, 93, 93, 93, 93, 93, 92, 91, 91, 57, 90, 57, 58, 57, 54, 54, 54, 57, 56, 56, 56, 56, 56, 56, 56, 56, 57, 57, 57, 57, 57, 57]
[65, 55, 55, 50, 49, 49, 48, 49, 59, 55, 56, 58, 62, 62, 62, 62, 62, 62, 62, 62, 62, 62, 62, 62, 62, 62, 62, 62, 62, 62, 62, 62, 62, 62, 62, 62, 62, 62, 63, 63, 63, 63, 63, 63, 63, 63, 63, 63, 63, 63, 63, 60, 60, 60, 60, 60, 60, 60, 60, 60, 60, 60, 60, 60, 60, 60, 60, 60, 60, 60, 60, 60, 60, 60, 60, 60, 60, 60, 60, 60, 60, 59, 59, 59, 59, 59, 59, 59, 59, 59, 59, 59, 59, 59, 59, 59, 58, 58, 58, 58, 58, 57, 57, 57, 56, 56, 56, 56, 56, 55, 54, 54, 54, 53, 53, 53, 52, 51, 51, 52, 51, 51, 51, 51, 50, 49, 49, 48, 47, 47, 46, 46, 46, 46, 46, 47, 48, 49, 51, 52, 53, 53, 53, 53, 53, 52, 52, 52, 52, 53, 53, 54, 54, 54, 54, 54, 54, 53, 54, 54, 54, 54, 54, 54, 54, 54, 55, 55, 55, 55, 55, 55, 55, 55, 55, 55, 56, 56, 56, 56, 56, 56, 56, 56, 56, 56, 56, 56, 56, 56, 56, 55, 55, 55, 55, 55, 55, 55, 54, 54, 54, 54, 53, 53, 53, 53, 57, 51, 51, 51, 52, 52, 52, 52, 52, 52, 53, 53, 53, 53, 53, 53, 53, 53, 53]
[]
